167 157 150 150 
31 31 31 130 65 
1 26 
1 
131 
1 26 
108 52 131 26 
26 181 
1 1 150 150 150 150 
126 64 1 1 181 
150 181 150 150 181 
150 150 
181 
1 108 
181 150 157 
150 
150 
181 150 167 
1 
181 
150 181 181 
150 150 150 1 
181 
181 
181 157 181 181 
181 1 
181 150 181 181 181 
181 1 
181 150 
181 150 150 
150 150 196 150 150 150 
139 68 150 
181 1 1 108 15 92 150 
116 196 108 193 
65 
90 64 
159 
159 181 
181 
181 
1 
197 159 28 159 108 181 
150 181 
108 
181 181 
181 
150 1 108 
97 131 108 159 28 
28 146 108 1 150 
181 150 150 1 
181 162 181 1 196 34 52 
70 
150 84 
51 196 
79 
181 
181 150 181 
1 181 1 
181 1 
181 150 181 181 181 
181 150 150 181 181 
181 
181 
181 181 181 
181 116 
32 
181 181 150 
1 
197 
197 52 119 198 
181 181 52 104 1 
150 
181 181 
181 7 
150 181 181 
1 
1 
181 181 181 
181 
108 57 57 191 15 162 
132 132 56 
181 181 
1 198 
181 
181 
1 181 181 
150 150 181 181 150 150 181 
1 
181 
157 1 181 1 181 
181 
116 
116 150 150 181 
181 181 
181 
184 108 157 157 1 
181 181 1 
181 131 17 
