96 104 
67 121 
6 
64 
96 
113 166 156 6 6 
128 10 121 
6 121 102 102 156 67 60 199 113 
128 60 67 156 102 121 102 
104 166 102 
80 
129 115 147 
34 168 
186 
99 
55 2 58 135 135 45 5 
96 
34 73 160 102 98 
5 130 199 10 60 67 67 156 156 102 102 121 121 6 6 6 115 115 115 115 98 98 98 
95 55 55 2 2 58 58 135 45 45 5 104 
6 6 
151 
33 151 151 6 
119 104 67 6 
6 67 104 104 31 184 145 166 102 
6 
150 79 125 
11 
166 84 52 128 67 6 6 102 11 13 
11 102 6 166 
184 184 166 6 
51 15 166 102 
6 11 128 184 
128 121 6 166 
52 184 128 102 6 6 6 11 
128 52 131 84 128 121 6 166 
52 128 102 6 166 
52 184 128 102 6 6 156 
37 11 130 52 13 102 6 6 
166 52 184 5 48 58 2 55 
34 125 69 34 125 69 121 
67 128 
52 184 128 121 156 
128 52 84 128 102 6 6 6 
11 128 84 108 184 31 121 6 11 
128 52 128 121 6 11 128 
84 108 184 128 121 
6 11 128 
52 84 128 102 6 6 11 
128 131 105 
150 128 121 67 
128 52 184 128 102 6 6 11 128 
84 52 51 121 
6 6 
6 11 128 
184 108 32 23 
83 
51 102 6 
6 11 13 
96 108 
84 130 77 121 6 166 
56 
120 
184 128 156 6 151 151 
6 6 13 
84 128 102 6 
6 11 128 186 52 
104 104 104 
104 
184 128 102 6 6 6 6 11 
5 108 
184 15 114 109 29 29 109 56 
126 65 60 102 6 
11 13 
15 110 97 104 156 6 
63 68 
118 
91 
184 130 128 102 6 6 
156 128 184 
126 11 11 102 6 
6 
11 128 184 108 
6 6 11 130 1 
14 171 72 72 34 
52 128 11 6 6 
6 6 11 128 184 
56 109 29 109 17 
191 108 
84 128 121 6 
