13 
13 31 31 31 31 15 119 13 13 13 
13 13 13 15 84 198 195 193 64 13 
45 45 45 31 
31 13 13 13 
13 31 31 51 13 
13 31 51 
13 13 51 13 
31 31 31 13 
48 48 45 45 130 13 13 13 13 13 13 15 
13 13 
31 31 13 
31 51 13 
51 31 
13 31 31 51 13 
31 51 
13 13 
184 83 119 155 45 
68 13 
31 31 31 31 31 51 13 13 13 
31 31 51 13 13 
31 31 13 13 13 
31 51 15 68 13 13 
13 13 13 36 36 36 36 31 13 
13 15 119 15 13 13 5 45 45 
31 13 13 
51 
31 13 13 
13 31 
13 51 
155 
45 45 
13 31 31 13 
31 31 31 51 
51 13 
51 
31 31 51 
13 13 13 13 13 13 13 126 84 
155 45 
51 
51 
31 13 
13 31 31 51 13 13 13 
31 51 
110 13 31 113 113 13 
13 13 13 13 155 45 
31 51 
31 51 31 
31 45 5 
51 
5 45 
51 
119 
31 51 13 
13 31 68 13 13 
84 
31 31 51 13 
31 51 51 13 
51 51 
51 13 13 119 
31 119 119 13 
13 
51 13 
51 13 
51 
31 13 
51 68 13 
31 51 13 
13 15 15 13 13 154 154 13 
13 13 128 128 13 45 130 
45 45 45 
51 
13 51 
31 51 
13 31 51 
84 108 84 15 13 68 68 97 104 104 97 31 13 
13 13 119 
13 51 13 
51 51 
51 17 13 
13 31 31 51 13 
51 
15 105 84 
13 51 
31 105 162 13 
31 17 15 13 
51 
51 13 
31 31 51 
51 
51 
51 
31 51 
51 
31 17 17 13 
119 119 70 108 70 119 13 
31 51 
31 51 13 13 
31 51 
51 13 
31 51 198 
108 15 
13 84 184 183 184 84 13 
31 51 
31 51 13 
51 
51 51 31 51 13 13 
178 178 178 
