181 
181 
131 1 
131 
45 1 
1 108 181 
150 1 184 1 
181 44 120 108 108 
1 181 157 
1 181 70 157 
1 1 
181 150 181 
181 
181 9 7 79 108 126 
119 119 198 1 108 1 131 70 126 181 150 
181 
181 181 1 181 
44 181 
181 
1 108 
44 1 
181 181 1 
181 181 181 181 
195 195 
1 38 113 
1 1 181 
1 1 181 
198 119 1 
181 1 181 
181 181 181 181 
150 
181 170 
9 150 
70 84 44 48 
5 
181 64 181 150 150 150 
150 181 181 150 181 
1 1 181 181 
181 1 162 91 91 157 
5 
198 119 162 23 120 50 34 
34 23 52 61 61 52 195 
181 
181 181 181 108 
80 60 60 80 150 
181 181 157 
183 147 123 57 5 
70 
119 119 198 131 119 131 
181 131 
181 150 150 181 
181 181 150 150 150 181 150 150 150 
150 181 
108 108 157 1 1 108 
108 108 108 
44 108 108 108 108 
108 108 
157 181 108 1 181 181 
108 68 104 108 
108 108 108 
108 166 68 198 108 9 
9 92 
108 157 1 108 108 
167 1 
181 
36 36 108 
181 150 108 181 
150 150 
108 108 120 170 68 108 131 108 9 
108 
9 84 51 68 120 
108 108 104 197 
108 131 131 197 197 197 104 108 
108 1 108 108 
108 
108 108 1 1 
1 17 182 14 56 146 
108 
44 52 108 108 181 
1 104 104 199 60 60 67 156 102 102 121 115 115 115 98 98 
98 98 115 6 121 102 102 156 67 60 60 199 104 166 127 
1 181 1 
181 
131 
119 70 108 
198 157 108 
198 108 
50 108 9 9 9 9 9 9 9 9 9 9 9 
198 1 
108 108 56 56 7 108 
84 9 
1 181 7 7 152 181 9 9 9 
181 181 
181 157 
167 
108 
131 68 70 
36 36 
108 1 
150 181 
181 181 150 167 111 
90 181 150 1 157 1 
126 
150 
181 
150 181 150 150 150 150 150 150 150 
195 64 64 157 181 
181 127 111 
195 1 
108 181 150 
1 181 
181 
126 64 64 167 
1 
181 108 84 110 104 
181 1 
119 
198 181 
181 1 181 
150 181 181 181 
181 1 
181 150 
181 150 150 
150 150 196 150 150 150 
139 68 150 
181 1 1 108 15 92 150 
116 196 108 193 
65 
90 64 
159 
159 181 
181 
181 
1 
197 159 28 159 108 181 
150 181 
108 
181 181 
181 
150 1 108 
97 131 108 159 28 
28 146 108 1 150 
181 150 150 1 
181 162 181 1 196 34 52 
70 
150 84 
51 196 
79 
181 
181 150 181 
1 181 1 
181 1 
181 150 181 181 181 
181 150 150 181 181 
181 
181 
181 181 181 
181 116 
32 
181 181 150 
1 
197 
197 52 119 198 
181 181 52 104 1 
150 
181 181 
181 7 
150 181 181 
1 
1 
181 181 181 
181 
108 57 57 191 15 162 
132 132 56 
181 181 
1 198 
181 
181 
1 181 181 
150 150 181 181 150 150 181 
1 
181 
157 1 181 1 181 
181 
116 
116 150 150 181 
181 181 
181 
184 108 157 157 1 
181 181 1 
181 131 17 
