1 
8 9 
157 181 
181 
1 108 108 
1 181 
108 
157 1 126 157 181 
150 
1 181 181 9 
181 181 
181 108 
31 51 1 
181 
1 1 181 
181 
181 1 
1 
1 
150 116 
148 164 105 181 
83 113 
1 181 
181 
181 9 
9 108 
198 5 
1 64 
104 68 119 108 108 
1 1 
1 108 97 97 108 108 
1 1 
108 61 181 40 
23 84 61 61 131 54 167 
181 
198 
108 108 
15 119 70 
181 181 131 108 
1 181 
181 
181 181 181 181 
181 181 
1 1 1 181 
84 
130 130 1 
1 
181 181 
181 181 
181 157 
181 
181 181 
108 76 8 9 
1 1 1 
1 181 
1 
181 1 
181 56 56 146 
52 1 
44 84 1 150 150 131 
104 60 121 33 
34 34 120 
1 36 
108 1 
1 172 1 
108 183 120 1 
65 126 1 181 
1 181 
108 97 97 97 131 
54 64 
1 
173 127 
195 108 127 
108 
5 1 
84 110 110 1 
195 193 5 
181 181 170 8 52 167 
126 
108 131 
195 108 64 
65 181 1 
150 1 1 1 1 126 193 167 
119 131 
105 181 181 
36 108 
181 181 
127 64 
198 126 
195 181 
1 119 
70 181 181 
90 
64 
195 
84 
5 195 
167 181 150 150 150 150 
157 99 99 181 
181 
127 65 
65 
65 
65 
159 
159 181 181 
1 193 65 
150 
123 28 28 159 1 
1 
181 157 
181 1 1 181 
1 1 170 44 36 127 
155 64 
150 181 167 
195 
1 181 
181 54 
1 181 
1 181 
181 131 
167 
181 
181 181 
181 181 
181 181 
108 181 
1 181 
181 181 
181 181 170 36 175 
34 34 196 
181 
181 
150 181 
181 108 104 
84 167 
126 
167 
181 
181 
181 
181 150 101 
1 
181 167 
181 181 
181 
181 1 184 36 
157 150 181 
132 
150 150 150 
181 
181 
157 157 
181 
1 108 
126 198 70 108 181 
181 181 
150 181 
181 150 150 1 181 
181 
150 108 
131 
181 1 
1 
167 150 181 150 
184 131 157 1 
162 162 
1 195 167 167 
1 
1 1 157 181 
157 
181 1 1 
1 193 51 167 
1 181 126 
181 
1 181 
181 23 
181 1 184 191 113 108 181 
13 104 1 167 
195 195 119 167 
150 150 181 
181 
198 
181 
157 119 70 
167 119 119 84 1 
1 65 65 167 
181 
