184 44 44 184 108 
108 181 
1 1 
108 15 45 131 150 150 150 
150 150 181 181 1 
1 181 36 181 
150 
36 1 
131 
181 
150 150 150 150 150 
150 1 1 1 9 1 181 1 1 
108 
1 181 
181 150 131 
108 181 108 
181 1 
150 150 150 150 150 181 
150 181 150 
181 
36 
181 126 
119 181 108 181 1 
1 181 
108 36 1 
181 
1 181 
108 
181 1 44 36 
1 1 
150 157 131 1 1 
1 1 1 1 1 1 1 150 
150 157 181 150 181 1 1 1 
1 181 181 1 184 
181 
181 64 
1 131 1 
1 1 181 1 1 1 1 1 1 1 1 1 1 1 150 
150 150 150 150 1 1 1 1 1 1 1 1 181 1 150 150 
181 150 
150 150 150 131 52 52 52 36 52 52 52 52 52 52 52 52 70 52 84 
96 1 
1 
1 1 
194 
1 1 1 1 1 181 
181 
181 181 150 
150 
181 
181 181 1 150 
108 150 
150 131 1 
1 
181 181 181 
