117 
45 36 
36 36 36 36 
48 135 135 135 65 36 
36 36 36 36 36 36 36 36 36 36 
36 36 36 36 
36 36 36 183 44 36 
71 71 
131 131 131 52 126 36 
36 36 36 36 
36 138 36 36 
36 36 36 36 36 36 36 36 
36 36 
36 36 36 
52 84 124 124 52 52 36 
36 36 
36 36 
36 138 
120 36 
36 
36 132 138 36 36 
198 127 127 
36 36 
36 36 36 36 36 
36 36 36 
138 
36 36 36 36 36 36 
36 36 36 36 36 36 
36 36 36 36 36 
170 172 25 
36 36 
52 15 68 104 99 89 156 156 156 161 
167 131 36 36 36 
36 36 36 36 36 
36 90 48 167 131 
36 52 15 11 80 80 80 80 15 52 
36 36 36 36 
108 108 36 36 36 36 36 36 36 36 
36 36 36 36 36 
